#plots_in_nueskes_box
2082
2076
1064
1061
1091
2075
2049
1096
2068
1081
2061
1094
2063
2103
2044
2093
1067
2098
2035
1063
2062
1065
1099
1093
1074
1080
2058
2060
#plot_in_hearing_ppe_box
2052
2047
2071
2066
1097
2007
2047h2
2008
2024
2034
2028
2031
2037
2079
2036
1052
1044
1009
#plot_in_chewy_dot_com_box
1088
1103
1023
1051
1037
1009
1026
1025
1004
1042
1089
2056
1035
1034
1053
1086
2088
2017
1055
2067
1087
1071
2003
2054
1085
1066
1083
1050
1054
1078
1016
#plot_in_ny_148_1_01_box
2029
1069
1058
1082
1059
2095
2005
2101
2051
2015
1056
2045
1076
2006
2080